#i ra dec IMW
0 319.68795221092313 -45.26864361805589 -0.24234189
1 37.81512243982773 -42.13728561387183 0.18254477
2 11.57442020206031 -69.8676141101291 0.2570017
3 2.650412155837834 -39.47509039484301 -1.4840635
4 16.8708626108145 -36.836819229364686 0.18160224
5 6.711789345780377 -32.258977016699106 0.21508251
6 349.31938958790187 -32.12474110687628 0.19272529
7 2.666433457553926 -27.057658187151876 -0.15321775
8 357.96569412115764 -29.917190869842024 0.22593807
9 5.564315471594394 -30.955329760914953 0.20212357
10 1.4268429954593171 -34.930023482640614 0.15876262
11 359.97317233094026 -34.67452390973964 0.19805467
12 22.07030989579487 -47.20333471841727 0.15217322
13 24.1243881951696 -47.45013298885067 0.20265278
14 22.45587770626412 -49.877685442990355 0.17129178
15 344.3919718625285 -7.349431382907548 -0.26074928
16 345.0430848197413 -6.614775627673735 -0.010842828
17 343.04782797301766 -7.618112946442547 0.2123663
18 351.97118444693325 -1.6094994620411434 0.18839033
19 345.0352370524318 -21.24131772258288 0.15015312
20 357.44299640958246 -3.191751147929813 0.20781066
21 1.376982322258666 -2.2703066868087776 0.20430438
22 14.182000521067359 -1.9671290320522714 0.08876296
23 11.897113629928528 -0.20258711336670318 0.17799671
24 17.101194024156836 -2.3260953380289644 0.1128631
25 349.1943680049165 -18.55655232560238 0.17496759
26 26.905062796731436 -13.418035364245913 0.16589233
27 1.6469062298877675 -17.912117136593963 -0.19570889
28 26.366516749038823 -20.7745330378529 0.14500801
29 27.062797038545856 -15.965898396285798 0.051495068
30 2.826034133547569 -26.092953757310298 -0.05602245
31 6.138522875658053 -18.862420665151895 0.09858636
32 10.603218621170196 -19.01623579590656 0.11075441
33 21.632709427592722 -25.894551254102048 0.17987897
34 11.70657483822311 -24.00496384438856 0.18346448
35 12.234059734441255 -21.419268462230825 0.1879927
36 15.751817286143204 -24.502948852562245 0.17858353
37 155.69564610442237 -17.117620917158636 -1.5423043
38 210.77185160980258 -13.879503560729372 0.17633389
39 175.26398168333688 -6.1805351344521045 0.16021182
40 178.57917779292336 -8.46236058447754 0.20697695
41 171.5138686961888 -1.157489005986758 0.18546027
42 179.84277505512262 -7.100179892870815 0.12421554
43 320.2254282282717 -16.128857213510738 -1.0802253
44 320.6203679669449 -15.228490797645094 0.23734283